00 41414141
00 41414141
00 41414141
00 41414141
00 41414141
00 41414141
00 41414141
00 41414141
00 41414141
00 41414141
00 41414141
00 41414141
00 41414141
00 41414141
00 41414141
00 41414141
00 41414141
00 41414141
00 41414141
00 41414141
00 41414141
00 41414141
00 41414141
00 41414141
00 41414141
00 41414141
00 41414141
00 41414141
00 41414141
00 41414141
00 41414141
00 41414141
00 41414141
00 41414141
00 41414141
00 41414141
00 41414141
00 41414141
00 41414141
00 41414141
00 41414141
00 41414141
00 41414141
00 41414141
00 41414141
00 41414141
00 41414141
00 41414141
00 41414141
00 41414141
00 41414141
00 41414141
00 41414141
00 41414141
00 41414141
00 41414141
00 41414141
00 41414141
00 41414141
00 41414141
00 41414141
00 41414141
00 41414141
00 41414141
