00 41414144
00 41414144
00 41414144
00 41414144
00 41414144
00 41414144
00 41414144
00 41414144
00 41414144
00 41414144
00 41414144
00 41414144
00 41414144
00 41414144
00 41414144
00 41414144
00 41414144
00 41414144
00 41414144
00 41414144
00 41414144
00 41414144
00 41414144
00 41414144
00 41414144
00 41414144
00 41414144
00 41414144
00 41414144
00 41414144
00 41414144
00 41414144
00 41414144
00 41414144
00 41414144
00 41414144
00 41414144
00 41414144
00 41414144
00 41414144
00 41414144
00 41414144
00 41414144
00 41414144
00 41414144
00 41414144
00 41414144
00 41414144
00 41414144
00 41414144
00 41414144
00 41414144
00 41414144
00 41414144
00 41414144
00 41414144
00 41414144
00 41414144
00 41414144
00 41414144
00 41414144
00 41414144
00 41414144
00 41414144
