01 01434144
00 02434144
00 01034244
02 02034244
01 20644144
00 21634144
00 20644144
00 21634144
00 20244144
00 21244144
00 20226444
00 21236444
00 20222444
00 21232444
00 20244144
02 21244144
01 28696a6b
00 28696a6b
00 28692a6b
00 28692a6c
00 28692a2b
00 28692a2c
00 28692a6b
02 28692a2c
00 41414144
00 41414144
00 41414144
00 41414144
00 41414144
00 41414144
00 41414144
00 41414144
00 41414144
00 41414144
00 41414144
00 41414144
00 41414144
00 41414144
00 41414144
00 41414144
00 41414144
00 41414144
00 41414144
00 41414144
00 41414144
00 41414144
00 41414144
00 41414144
00 41414144
00 41414144
00 41414144
00 41414144
00 41414144
00 41414144
00 41414144
00 41414144
00 41414144
00 41414144
00 41414144
00 41414144
00 41414144
00 41414144
00 41414144
00 41414144
