00000000000000000000000000000000000000000000000000000000000000000000000000000000000000000000000000000000000000000000000000000000
00000000000000000000000000000000000000000000000000000000000000000000000000000000000000000000000000000000000000000000000000000000
00000000000000000000000000000000000000000000000000000000000000000000000000000000000000000000000000000000000000000000000000000000
00000000000000000000000000000000000000000000000000000000000000000000000000000000000000000000000000000000000000000000000000000000
00000000000000000000000000000000000000000000000000000000000000000000000000000000000000000000000000000000000000000000000000000000
00000000000000000000000000000000000000000000000000000000000000000000000000000000000000000000000000000000000000000000000000000000
00000000000000000000000000000000000000000000000000000000000000000000000000000000000000000000000000000000000000000000000000000000
00000000000000000000000000000000000000000000000000000000000000000000000000000000000000000000000000000000000000000000000000000000
00000000000000000000000000000000000000000000000000000000000000000000000000000000000000000000000000000000000000000000000000000000
00000000000000000000000000000000000000000000000000000000000000000000000000000000000000000000000000000000000000000000000000000000
00000000000000000000000000000000000000000000000000000000000000000000000000000000000000000000000000000000000000000000000000000000
00000000000000000000000000000000000000000000000000000000000000000000000000000000000000000000000000000000000000000000000000000000
00000000000000000000000000000000000000000000000000000000000000000000000000000000000000000000000000000000000000000000000000000000
00000000000000000000000000000000000000000000000000000000000000000000000000000000000000000000000000000000000000000000000000000000
00000000000000000000000000000000000000000000000000000000000000000000000000000000000000000000000000000000000000000000000000000000
00000000000000000000000000000000000000000000000000000000000000000000000000000000000000000000000000000000000000000000000000000000
00000000000000000000000000000000000000000000000000000000000000000000000000000000000000000000000000000000000000000000000000000000
00000000000000000000000000000000000000000000000000000000000000000000000000000000000000000000000000000000000000000000000000000000
00000000000000000000000000000000000000000000000000000000000000000000000000000000000000000000000000000000000000000000000000000000
00000000000000000000000000000000000000000000000000000000000000000000000000000000000000000000000000000000000000000000000000000000
00000000000000000000000000000000000000000000000000000000000000000000000000000000000000000000000000000000000000000000000000000000
00000000000000000000000000000000000000000000000000000000000000000000000000000000000000000000000000000000000000000000000000000000
00000000000000000000000000000000000000000000000000000000000000000000000000000000000000000000000000000000000000000000000000000000
00000000000000000000000000000000000000000000000000000000000000000000000000000000000000000000000000000000000000000000000000000000
00000000000000000000000000000000000000000000000000000000000000000000000000000000000000000000000000000000000000000000000000000000
00000000000000000000000000000000000000000000000000000000000000000000000000000000000000000000000000000000000000000000000000000000
00000000000000000000000000000000000000000000000000000000000000000000000000000000000000000000000000000000000000000000000000000000
00000000000000000000000000000000000000000000000000000000000000000000000000000000000000000000000000000000000000000000000000000000
00000000000000000000000000000000000000000000000000000000000000000000000000000000000000000000000000000000000000000000000000000000
00000000000000000000000000000000000000000000000000000000000000000000000000000000000000000000000000000000000000000000000000000000
00000000000000000000000000000000000000000000000000000000000000000000000000000000000000000000000000000000000000000000000000000000
00000000000000000000000000000000000000000000000000000000000000000000000000000000000000000000000000000000000000000000000000000000
00000000000000000000000000000000000000000000000000000000000000000000000000000000000000000000000000000000000000000000000000000000
00000000000000000000000000000000000000000000000000000000000000000000000000000000000000000000000000000000000000000000000000000000
00000000000000000000000000000000000000000000000000000000000000000000000000000000007777770077000000000000000000000000000000000000
00000000000000000000000000000000000000000000000000000000000000000000000007777770087788770077000000077770000000000000000000000000
00000000000000000000000000000000000000000000000000000000000000000000000007700770087708770077000000977907700000000000000000000000
00000000000000000000000000000000000000000000000000000000000000077000770087788770087777800a77000000977a97700000000000000000000000
00000000000000000000000000000000000000000000000000000000000000077000770087708770087789770a77000000977b97700000000000000000000000
00000000000000000000000000000000000000000000000000000000000000077070770087798770a877a8770a7777770c977097700000000000000000000000
0000000000000088c088c00000000000000000000000000000000000000000077777770087777770a88998800a8888880c977777700000000000000000000000
0000000000000077ce77ce0000000000000000000000000000000000000000977787770088aa8800a99ba990ca9999990c999999000000000000000000000000
0000000000000077ce77ceaaaaaae000000000000000007777770000000000977888770088888800a99ab990caaaaaa00caaaaaa000000000000000000000000
00000000000000778877ce7777770077000000770000007700770000000000988808880b99bb9900aaccaa00cbb00000ecbbbbbb000000000000000000000000
00000000000000777777ce77e0000077000000770000007788770000000000988999880b99999900aabbaa00cbbbbbb0ecccccc0000000000000000000000000
0000000000000077ce77ce77aae00077000000770000007799770000000000999099900baa0baa0dbbddbb00cc000000edd0edd0000000000000000000000000
0000000000000077ee77ee77770000770000007700000077aa77000000000b990ab9900baaaaaa0dbbccbb00cccccc00edddddd0000000000000000000000000
000000000000000000000077aaaae07700000077000000777777000000000baaaaaaa00bb00bb00dcc0dcc00dd000000ee00ee00000000000000000000000000
000000000000000000000077777700777777007777770088cc88000000000baaa0aaa0dbbbbbb00dccdecc00dddddd00eeeeee00000000000000000000000000
0000000000000000000000000000008888880088888800888888000000000baabbbaa0dcc0dcc00dd00dd000ee00000000000000000000000000000000000000
0000000000000000000000000000009999990099999900999999000000000bbbcbbb00dccedcc00dd00dd000eeeeee0000000000000000000000000000000000
00000000000000000000000000000000000000aaaaaa00aaaaaa000000000bbcccbb00dcccccc00eeee000000000000000000000000000000000000000000000
00000000000000000000000000000000000000bbbbbb00bbbbbb000000000cccdccc00dd00dd000ee00ee0000000000000000000000000000000000000000000
0000000000000000000000000000000000000000000000cccccc000000000ccdedcc00dddddd000ee00ee0000000000000000000000000000000000000000000
0000000000000000000000000000000000000000000000dddddd000000000dde0edd00ee00ee0000000000000000000000000000000000000000000000000000
0000000000000000000000000000000000000000000000000000000000000ee000ee00eeeeee0000000000000000000000000000000000000000000000000000
00000000000000000000000000000000000000000000000000000000000000000000000000000000000000000000000000000000000000000000000000000000
00000000000000000000000000000000000000000000000000000000000000000000000000000000000000000000000000000000000000000000000000000000
00000000000000000000000000000000000000000000000000000000000000000000000000000000000000000000000000000000000000000000000000000000
00000000000000000000000000000000000000000000000000000000000000000000000000000000000000000000000000000000000000000000000000000000
00000000000000000000000000000000000000000000000000000000000000000000000000000000000000000000000000000000000000000000000000000000
00000000000000000000000000000000000000000000000000000000000000000000000000000000000000000000000000000000000000000000000000000000
00000000000000000000000000000000000000000000000000000000000000000000000000000000000000000000000000000000000000000000000000000000
00000000000000000000000000000000000000000000000000000000000000000000000000000000000000000000000000000000000000000000000000000000
00000000000000000000000000000000000000000000000000000000000000000000000000000000000000000000000000000000000000000000000000000000
00000000000000000000000000000000000000000000000000000000000000000000000000000000000000000000000000000000000000000000000000000000
00000000000000000000000000000000000000000000000000000000000000000000000000000000000000000000000000000000000000000000000000000000
00000000000000000000000000000000000000000000000000000000000000000000000000000000000000000000000000000000000000000000000000000000
00000000000000000000000000000000000000000000000000000000000000000000000000000000000000000000000000000000000000000000000000000000
00000000000000000000000000000000000000000000000000000000000000000000000000000000000000000000000000000000000000000000000000000000
0000000000000000000000000000000000000eee0e0e0eee00ee00000eee00ee00000eee0eee00ee00ee00000eee000000000000000000000000000000000000
00000000000000000000000000000000000000e00e0e00e00e00000000e00e0000000e0e00e00e000e0e00000e0e000000000000000000000000000000000000
00000000000000000000000000000000000000e00eee00e00eee000000e00eee00000eee00e00e000e0e0eee0eee000000000000000000000000000000000000
00000000000000000000000000000000000000e00e0e00e0000e000000e0000e00000e0000e00e000e0e00000e0e000000000000000000000000000000000000
00000000000000000000000000000000000000e00e0e0eee0ee000000eee0ee000000e000eee00ee0ee000000eee000000000000000000000000000000000000
00000000000000000000000000000000000000000000000000000000000000000000000000000000000000000000000000000000000000000000000000000000
00000000000000000000000000000000000000000000000000000000000000000000000000000000000000000000000000000000000000000000000000000000
00000000000000000000000000000000000000000000000000000000000000000000000000000000000000000000000000000000000000000000000000000000
00000000000000000000000000000000000000000000000000000000000000000000000000000000000000000000000000000000000000000000000000000000
00000000000000000000000000000000000000000000000000000000000000000000000000000000000000000000000000000000000000000000000000000000
0000000000000000000000000000000000cc00ccc00cc0ccc00000ccc00cc00000ccc0ccc0ccc0ccc00000c0c00cc0c0c0000000000000000000000000000000
0000000000000000000000000000000000c0c00c00c000c00000000c00c0c00000ccc0c000c0000c000000c0c0c0c0c0c0000000000000000000000000000000
0000000000000000000000000000000000c0c00c00c000cc0000000c00c0c00000c0c0cc00cc000c000000ccc0c0c0c0c0000000000000000000000000000000
0000000000000000000000000000000000c0c00c00c000c00000000c00c0c00000c0c0c000c0000c00000000c0c0c0c0c0000000000000000000000000000000
0000000000000000000000000000000000c0c0ccc00cc0ccc000000c00cc000000c0c0ccc0ccc00c000000ccc0cc000cc0000000000000000000000000000000
00000000000000000000000000000000000000000000000000000000000000000000000000000000000000000000000000000000000000000000000000000000
00000000000000000000000000000000000000000000000000000000000000000000000000000000000000000000000000000000000000000000000000000000
00000000000000000000000000000000000000000000000000000000000000000000000000000000000000000000000000000000000000000000000000000000
00000000000000000000000000000000000000000000000000000000000000000000000000000000000000000000000000000000000000000000000000000000
00000000000000000000000000000000000000000000000000000000000000000000000000000000000000000000000000000000000000000000000000000000
00000000000000000000000000000000000000000000000000000000000000000000000000000000000000000000000000000000000000000000000000000000
00000000000000000000000000000000000000000000000000000000000008808800000000000000000000000000000000000000000000000000000000000000
00000000000000000000000000000000000000000000000000000000000088888780000000000000000000000000000000000000000000000000000000000000
00000000000000000000000000000000000000000000000000000000000088888880000000000000000000000000000000000000000000000000000000000000
00000000000000000000000000000000000000000000000000000000000008888800000000000000000000000000000000000000000000000000000000000000
00000000000000000000000000000000000000000000000000000000000000888000000000000000000000000000000000000000000000000000000000000000
00000000000000000000000000000000000000000000000000000000000000080000000000000000000000000000000000000000000000000000000000000000
00000000000000000000000000000000000000000000000000000000000000000000000000000000000000000000000000000000000000000000000000000000
00000000000000000000000000000000000000000000000000000000000000000000000000000000000000000000000000000000000000000000000000000000
00000000000000000000000000000000000000000000000000000000000000000000000000000000000000000000000000000000000000000000000000000000
00000000000000000000000000000000000000000000000000000000000000000000000000000000000000000000000000000000000000000000000000000000
00000000000000000000000000000000000000000000000000000000000000000000000000000000000000000000000000000000000000000000000000000000
00000000000000000000000000000000000000000000000000000000000000000000000000000000000000000000000000000000000000000000000000000000
00000000000000000000000000000000000000000000000000000000000000000000000000000000000000000000000000000000000000000000000000000000
00000000000000000000000000000000000000000000000000000000000000000000000000000000000000000000000000000000000000000000000000000000
00000000000000000000000000000000000000000000000000000000000000000000000000000000000000000000000000000000000000000000000000000000
00000000000000000000000000000000000000000000000000000000000000000000000000000000000000000000000000000000000000000000000000000000
00000000000000000000000000000000000000000000000000000000000000000000000000000000000000000000000000000000000000000000000000000000
00000000000000000000000000000000000000000000000000000000000000000000000000000000000000000000000000000000000000000000000000000000
00000000000000000000000000000000000000000000000000000000000000000000000000000000000000000000000000000000000000000000000000000000
00000000000000000000000000000000000000000000000000000000000000000000000000000000000000000000000000000000000000000000000000000000
00000000000000000000000000000000000000000000000000000000000000000000000000000000000000000000000000000000000000000000000000000000
00000000000000000000000000000000000000000000000000000000000000000000000000000000000000000000000000000000000000000000000000000000
00000000000000000000000000000000000000000000000000000000000000000000000000000000000000000000000000000000000000000000000000000000
00000000000000000000000000000000000000000000000000000000000000000000000000000000000000000000000000000000000000000000000000000000
00000000000000000000000000000000000000000000000000000000000000000000000000000000000000000000000000000000000000000000000000000000
00000000000000000000000000000000000000000000000000000000000000000000000000000000000000000000000000000000000000000000000000000000
00000000000000000000000000000000000000000000000000000000000000000000000000000000000000000000000000000000000000000000000000000000
00000000000000000000000000000000000000000000000000000000000000000000000000000000000000000000000000000000000000000000000000000000
00000000000000000000000000000000000000000000000000000000000000000000000000000000000000000000000000000000000000000000000000000000
00000000000000000000000000000000000000000000000000000000000000000000000000000000000000000000000000000000000000000000000000000000
00000000000000000000000000000000000000000000000000000000000000000000000000000000000000000000000000000000000000000000000000000000
00000000000000000000000000000000000000000000000000000000000000000000000000000000000000000000000000000000000000000000000000000000
00000000000000000000000000000000000000000000000000000000000000000000000000000000000000000000000000000000000000000000000000000000
00000000000000000000000000000000000000000000000000000000000000000000000000000000000000000000000000000000000000000000000000000000
00000000000000000000000000000000000000000000000000000000000000000000000000000000000000000000000000000000000000000000000000000000
00000000000000000000000000000000000000000000000000000000000000000000000000000000000000000000000000000000000000000000000000000000
00000000000000000000000000000000000000000000000000000000000000000000000000000000000000000000000000000000000000000000000000000000
